            A   C   1   C   2   C   3   C
P1_K1_U1    1   3   2   3   2   1   3   2
P2_K2_U2    3   5   2   4   2   2   3   2
P2_K2_U3    3   3   3   3   3   2   4   2
P3_K3_U4    1   4   4   5   2   4   3   2
P3_K3_U5    2   2   3   2   2   3   4   3
P3_K3_U6    2   2   3   2   2   3   4   3
P4_K4_U7    1   3   2   3   2   1   3   2
P5_K5_U8    3   5   2   4   2   2   3   2
P5_K5_U9    3   3   3   3   3   2   4   2
P6_K6_U10   1   4   4   5   2   4   3   2
P6_K6_U11   2   2   3   2   2   3   4   3
P7_K7_U12   1   3   2   3   2   1   3   2
P8_K8_U13   3   5   2   4   2   2   3   2
P8_K8_U14   3   3   3   3   3   2   4   2
P9_K9_U15   1   4   4   5   2   4   3   2
P9_K9_U16   2   2   3   2   2   3   4   3
P10_K10_U17 2   2   3   2   2   3   4   3